variables:
  - v2501: 2.479.3.2
  - v2502: 2.492.1.3
  - v2503: 2.492.2.2
  - v2504a: 2.492.3.5
  - v2504b: 2.504.1.7
  - v2505: 2.504.2.5
  - v2506: 2.504.3.28227
  - v2507: 2.516.1.28669
  - v2508: 2.516.2.29000
  - v2509: 2.516.3.29358
  - v2510: 2.528.1.29795
  - v2511: 2.528.2.34846
  - v2512: 2.528.3.35200
  - v2601: 2.541.1.35570
